Timestamp start: 1715688656075
Timestamp end: 1715689456590

#type       avg     std     min      p5     p10     p50     p67     p75     p80     p85     p90     p95     p99    p999   p9999      QPS   target
read      421.1   476.7   173.5   231.8   251.1   380.7   435.8   464.9   484.9   505.8   535.8   583.0  1278.4  5476.4 24215.4   7353.4     7434
read      443.4   417.2   160.7   210.2   226.0   347.5   427.4   482.3   528.4   587.7   680.4  1055.1  1866.3  3266.5 13183.7  66963.0    67201
read      383.3   283.0   160.7   205.8   220.6   338.4   409.0   451.7   483.5   522.8   574.4   653.0  1092.5  2866.7  8356.0  86007.8    85927
read      372.0   222.6   148.8   204.0   217.3   334.9   405.5   448.9   482.1   524.9   577.6   642.1   768.1  1781.3  9140.5  64040.6    63953
read      379.3   286.8   148.8   202.8   216.0   332.4   420.1   476.4   514.4   552.1   590.7   636.9   743.4  2022.1 12263.6  31453.6    31595
read      413.9   306.5   148.8   217.0   233.9   369.8   449.3   497.4   533.5   577.0   632.9   727.1   942.4  2075.6 13733.7  87922.4    87879
read      418.4   779.6   173.5   233.2   251.8   359.9   401.5   425.4   442.5   464.6   496.1   552.0  1828.1  9339.7 36101.0   7306.2     7287
read      480.2   463.0   160.7   214.8   230.9   356.7   443.9   508.0   564.3   643.2   847.8  1300.4  1896.3  4683.8 12454.3  62258.8    62295
read      409.6   520.8   173.5   230.8   249.7   356.5   399.5   423.5   440.1   461.6   489.6   537.9  2246.2  7428.5 15885.4   6638.6     6561
read      557.3   927.7   160.7   215.3   232.3   436.1   553.6   631.6   689.4   756.9   841.1   987.0  2823.6 10055.7 35768.5  22514.4    22532
read      485.9   546.2   160.7   212.4   228.5   353.8   437.5   502.4   559.2   641.3   883.8  1356.9  1953.6  5678.0 19480.9  60684.6    60653
read      391.7   268.1   148.8   207.3   221.8   343.6   418.2   463.5   498.9   542.1   596.1   678.5  1255.5  2183.2  8276.5  58938.2    59076
read      383.6   263.3   160.7   206.7   220.9   343.9   417.2   460.6   494.2   535.1   585.4   655.6   872.0  2327.4  7958.3  60198.4    60154
read      384.6   366.7   148.8   207.0   221.7   345.6   437.3   480.1   507.0   535.0   566.8   610.1   728.7  3876.4 19736.6  23001.0    22964
read      401.2   350.0   160.7   225.8   243.5   368.2   425.1   456.0   476.7   500.0   530.7   579.4   920.8  4674.5 12884.1   8132.8     8172
read      494.0   490.5   160.7   214.3   230.3   401.3   526.9   603.2   668.2   752.8   855.9  1006.8  1342.0  5550.6 17059.4  27574.6    27652
read      381.3   225.5   160.7   204.6   219.0   343.9   421.9   470.5   506.2   544.9   587.9   640.8   770.0  1770.0  7982.3  37723.0    37594
read      390.7   430.1   160.7   205.9   220.2   341.8   434.8   479.7   508.1   538.3   573.8   625.8   907.8  5074.3 25097.0  24264.4    24367
read      383.9   247.2   160.7   204.9   219.4   341.3   422.4   473.1   509.0   547.2   589.1   642.5   871.4  1791.1 10269.8  33836.0    33771
read      375.8   232.1   148.8   207.0   221.5   334.5   404.3   446.4   476.4   512.4   559.5   633.2   938.6  2487.5  8038.4  85013.4    84944
read      378.7   203.7   148.8   208.4   223.4   340.9   410.9   453.4   485.0   522.8   571.4   641.7   859.0  1997.2  5631.6  85838.8    85666
read      438.2   387.0   148.8   209.4   225.1   356.7   439.5   494.7   537.3   588.6   662.7   956.8  1653.4  4243.4 11970.8  51901.8    51918
read      529.4   425.4   160.7   214.3   230.5   386.5   548.8   683.0   810.0   929.7  1063.2  1228.1  1489.1  3839.9 10763.1  34268.6    34406
read      512.1   340.9   148.8   214.6   230.9   413.0   569.3   682.6   767.0   851.8   943.1  1077.6  1301.0  3108.3  8319.8  28670.2    28664
read      527.5   495.9   160.7   212.6   228.7   372.2   524.4   645.6   785.5   923.5  1072.0  1251.3  1590.2  5053.6 13940.0  38316.4    38289
read      493.4   352.9   160.7   214.9   232.4   444.2   556.4   624.0   674.2   732.3   804.2   907.6  1162.2  3904.8 12670.1  20623.2    20658
read      480.7   740.9   160.7   219.1   238.9   417.1   507.7   555.6   588.5   626.1   673.5   746.7  1152.3  9800.8 35164.2  13891.8    13840
read      869.4  1900.9   160.7   272.2   311.3   504.7   615.4   700.6   789.6  1366.1  1618.9  1832.4  9477.2 27427.4 37152.4  93284.8    93419
read      823.2  2250.0   160.7   275.9   308.7   499.4   588.3   641.3   681.3   729.9   799.2  1483.0 16416.1 30958.9 42305.7  98156.8    98284
read      796.2  2307.7   160.7   251.5   280.0   449.2   539.0   599.5   648.5   712.1   810.1  1561.6 15223.0 31705.8 40431.1  71168.6    71313
read      562.0  1149.7   160.7   211.3   226.5   353.3   456.6   540.6   623.3   809.4  1116.7  1477.1  2003.6 17203.9 36115.2  42179.2    42089
read      509.3   456.3   148.8   211.7   227.6   357.8   484.2   588.4   702.4   868.2  1065.3  1308.9  1685.9  3321.8 15699.9  46411.2    46458
read      496.3   320.0   160.7   212.9   229.6   424.1   560.7   644.5   709.6   783.2   868.9  1002.1  1266.7  2194.9 10095.4  30829.8    30755
read      499.7   359.4   160.7   212.2   228.1   373.5   522.8   620.6   712.6   825.1   969.0  1184.7  1536.4  1993.3  8338.6  42937.0    42889
read      787.6  1703.2   160.7   271.9   310.9   473.3   573.4   647.4   709.7   809.2  1494.6  1753.6  7047.2 25974.5 38662.4  93472.4    93552
read      559.3   799.6   148.8   220.5   240.3   374.4   467.5   556.0   655.4   852.9  1153.7  1554.1  2182.4 10842.1 31661.5  65634.4    65694
read      502.0   361.2   160.7   216.2   232.8   433.3   565.5   646.2   707.0   777.2   860.7   995.0  1273.4  2938.9 12244.7  29431.4    29574
read      500.2   407.3   148.8   214.4   230.5   362.2   485.8   583.9   677.9   819.8  1000.2  1271.8  1701.3  2197.9 14725.7  51216.2    51355
read      500.3   427.0   148.8   217.1   234.0   348.8   435.6   524.2   627.7   824.8  1079.3  1390.4  1822.6  2557.5 11902.7  67272.8    67361
read      468.3   454.8   160.7   219.5   238.9   422.9   515.9   567.9   603.9   641.7   692.2   775.0  1080.5  4990.3 21903.3  16283.2    16287
read      821.3  1328.2   160.7   269.9   308.1   484.1   613.2   773.2  1363.4  1556.0  1688.4  1848.5  3191.5 17488.3 32441.1  81380.0    81508
read      791.5  1455.2   148.8   277.6   318.6   476.2   583.9   670.4   747.4  1320.5  1597.5  1808.0  5730.6 17992.0 36913.9  87650.0    87619
read      786.7  1477.0   160.7   275.5   316.4   479.2   586.7   671.4   746.1  1253.4  1588.2  1812.8  5286.8 19682.6 36207.8  99048.2    99068
read      476.8   865.4   160.7   215.2   230.8   360.5   432.9   480.5   520.6   571.2   639.4  1141.9  1976.2 12442.8 33362.0  51492.2    51267
read      411.2   322.4   160.7   222.5   240.1   387.2   447.2   477.2   500.0   528.7   567.8   630.0   820.6  4827.1 12380.7  11830.6    11822
read      539.2   447.7   148.8   228.8   254.8   424.1   516.8   577.5   624.1   685.4   796.7  1615.5  1955.3  2983.2 10937.2  97318.0    97494
read      370.2   229.0   160.7   208.3   223.7   336.7   400.8   439.7   468.5   503.7   548.5   619.5   787.7  2017.6  7892.8  97160.6    97350
read      381.7   260.6   148.8   206.6   221.0   345.9   420.4   463.9   497.0   536.3   583.7   647.7   787.7  1874.8  7822.6  55350.0    55460
read      375.7   285.3   148.8   208.3   223.1   335.9   405.2   447.6   478.0   514.9   563.0   635.0   828.0  2277.0 12055.3  85978.0    85984
read      373.8   261.5   148.8   207.6   222.1   335.6   406.1   448.4   479.0   516.5   565.4   635.5   800.2  2162.2  8981.9  82013.0    82043
read      388.0   311.2   148.8   207.5   222.1   348.1   423.9   468.2   503.2   544.4   593.3   659.3   815.9  2293.5 10848.8  52965.0    52873
read      427.3   353.6   160.7   220.2   237.3   390.7   462.6   500.8   530.3   567.5   619.0   694.8   920.8  4412.1 14346.0  13866.0    13911
read      418.0   320.3   148.8   208.5   223.5   349.3   429.6   482.0   524.3   575.4   638.0   799.4  1478.6  3316.8  8138.2  50083.2    49984
read      399.8   456.5   173.5   226.4   244.0   370.2   425.5   454.9   475.0   500.7   534.0   585.4   777.1  4264.8 30286.5   9288.4     9274
read      484.8   576.8   160.7   212.2   228.4   391.8   512.2   578.5   631.8   716.2   828.6   986.6  1313.2  6763.9 29141.5  27237.2    27187
read      436.5   350.0   160.7   212.9   229.2   395.5   481.9   526.2   558.1   600.5   666.2   769.7  1019.9  4604.6 12456.4  18643.6    18735
read      539.9   511.1   160.7   216.7   236.1   403.2   489.7   547.9   604.9   696.5   978.0  1658.1  2005.7  3232.1 15724.4  86607.0    86505
read      367.0   212.9   148.8   206.3   221.1   331.6   398.5   437.5   466.8   502.4   547.7   620.8   794.8  1902.4  7653.4  93003.2    93039
read      377.7   256.0   148.8   206.2   220.8   337.5   410.7   454.6   486.9   525.5   574.6   645.8   815.7  2514.0  9694.4  76126.8    75999
read      381.6   293.9   148.8   202.7   216.6   338.9   425.2   477.9   513.1   550.3   589.5   637.9   751.7  1656.3 12622.5  32292.4    32324
read      382.6   287.8   148.8   206.6   221.2   338.5   411.6   454.9   486.4   524.6   574.5   649.6   898.4  3156.5  8901.2  84422.4    84255
read      370.8   239.4   148.8   205.8   220.2   333.7   404.1   446.6   477.2   514.5   562.0   631.5   796.3  1874.1  7960.4  81929.8    81759
read      382.7   206.1   148.8   203.6   217.4   343.7   425.5   476.3   514.8   554.3   597.6   653.0   799.0  1498.4  7578.4  37300.6    37291
read      381.5   199.2   148.8   205.3   219.5   346.9   422.7   467.5   501.6   541.9   590.5   655.2   798.3  1726.8  8247.1  54021.6    53818
read      392.9   268.7   148.8   205.6   220.6   354.4   441.9   492.5   527.0   562.9   602.3   655.6   805.6  1694.3  9288.4  30333.2    30297
read      381.9   309.6   148.8   202.7   216.4   337.2   423.6   477.2   512.8   549.9   588.9   636.8   760.5  3505.5 10612.2  31620.6    31569
read      381.8   231.4   148.8   203.6   217.8   344.9   423.6   473.7   510.8   551.1   595.4   651.1   777.8  1573.1  7991.8  38933.2    38927
read      414.3   686.1   160.7   219.1   235.0   371.5   429.7   459.9   482.0   508.5   546.6   612.3   952.6  7652.3 29965.9  10668.6    10652
read      614.6   528.2   160.7   247.0   281.2   475.9   587.9   664.9   731.3   837.9  1185.4  1662.8  1964.8  3198.2 12633.1  97912.0    98119
read      387.9   277.7   148.8   205.7   220.5   350.1   426.9   471.8   506.9   547.3   596.7   664.2   822.9  1859.5  8058.3  48289.4    48176
read      388.4   304.6   148.8   204.1   218.3   345.4   429.6   481.5   518.5   557.0   599.6   653.2   795.0  2539.7  9889.8  34956.4    34929
read      377.5   224.2   160.7   205.5   219.7   338.3   414.1   458.4   491.3   530.5   579.7   649.0   825.4  1934.3  8096.3  69564.2    69735
read      452.7   484.8   160.7   211.2   227.6   400.9   494.9   544.0   580.7   629.4   700.7   812.8  1106.1  5234.0 20357.2  20730.4    20753
read      511.6   453.9   160.7   217.2   235.4   396.1   478.3   531.9   578.6   650.6   828.4  1579.2  1956.1  3019.9 12297.2  84570.0    84642
read      399.7   209.7   148.8   209.1   224.6   366.0   447.5   495.4   530.2   569.5   615.0   677.0   827.8  1998.7  5875.6  42482.6    42333
read      388.4   201.1   148.8   209.4   224.2   352.3   433.7   480.2   514.1   553.0   601.1   668.1   805.3  1693.9  7649.8  61362.4    61587
read      377.6   209.1   148.8   209.4   224.1   340.9   415.4   459.1   491.2   529.0   576.3   642.9   802.4  1773.9  6205.4  78028.6    77998
read      370.4   226.0   148.8   210.9   226.2   339.1   403.6   443.0   470.9   505.5   549.1   617.7   756.9  1404.2  8598.7  97531.2    97625
read      389.3   271.8   160.7   210.2   225.6   355.9   447.9   491.6   518.6   545.6   577.7   620.9   709.3  1374.7 10699.2  23824.2    23781
read      385.5   219.0   160.7   209.7   224.6   348.5   428.4   473.6   507.0   545.9   593.2   661.6   805.7  1783.9  7776.9  66814.0    66723
read      389.8   239.2   148.8   207.5   222.7   356.8   443.1   492.4   524.7   557.9   594.3   642.0   746.3  1289.4  7683.5  31068.8    31016
read      395.5   225.5   160.7   210.0   225.3   360.4   439.2   485.8   520.6   560.9   607.8   671.6   824.1  1809.5  8283.3  47342.8    47394
read      381.1   208.2   160.7   212.1   228.1   347.8   415.3   456.7   487.9   525.0   571.6   639.5   802.2  1696.9  7826.9  95393.4    95335
read      377.0   390.4   173.5   236.5   255.0   338.8   376.5   398.3   414.9   434.3   461.3   503.7   866.4  4921.2 15619.9   5237.6     5252
read      417.4   326.2   160.7   211.8   226.9   351.6   429.9   477.7   514.7   560.8   620.7   739.9  1738.4  2811.3  9223.0  65847.0    65908
read      474.1   696.6   160.7   220.4   237.2   409.7   496.7   543.8   581.6   631.3   705.3   814.3  1157.7 11946.9 29922.5  17035.8    16889
read      427.1   337.9   148.8   210.8   226.5   361.7   446.7   501.0   542.7   591.2   654.9   809.7  1432.6  2776.7 11340.3  42985.2    42912
read      394.1   220.2   160.7   217.5   234.4   359.3   426.8   468.3   500.5   539.0   588.6   671.7   864.2  1802.0  7661.4  99770.8    99898
read      394.2   258.3   160.7   210.4   225.7   356.4   446.8   494.2   525.2   557.6   593.2   641.5   782.2  1839.9 11431.3  26383.0    26385
read      393.9   277.2   160.7   211.4   226.7   357.6   449.2   492.9   520.9   549.7   583.1   628.4   746.1  3230.3 12398.9  22644.4    22616
read      402.1   318.8   160.7   210.6   225.9   363.0   443.1   489.3   523.6   563.6   612.4   680.3   860.6  2270.3 11855.4  50639.6    50605
read      386.7   269.0   160.7   212.3   227.7   347.1   419.1   461.5   492.7   529.5   576.7   649.9   842.2  2693.9 10138.1  90117.6    90283
read      392.8   267.4   160.7   208.2   223.7   351.8   443.6   493.0   524.5   556.8   592.8   641.3   795.0  2366.0 10491.5  26255.6    26273
read      396.4   216.0   148.8   209.5   224.7   361.7   440.5   488.1   523.9   565.1   613.6   679.0   828.4  1786.4  8130.7  48530.0    48521
read      398.9   216.6   160.7   208.5   223.7   358.9   446.7   500.6   537.9   577.6   620.9   678.4   828.7  1937.1  8288.9  34159.8    34058
read      386.3   235.5   148.8   209.7   224.5   346.2   423.8   468.9   502.8   541.9   591.5   668.2   842.7  1977.7 11081.1  75590.0    75648
read      435.9   294.4   160.7   214.0   230.2   397.2   489.6   533.1   563.3   599.0   657.0   786.0  1075.0  3803.5 10136.5  19534.2    19482
read      487.5   465.8   160.7   220.8   240.6   430.9   531.6   587.2   625.8   671.6   730.4   823.5  1317.5  5355.9 13403.0  15057.0    15054
read      534.8   552.0   148.8   218.4   236.1   395.4   491.6   547.5   593.0   661.8   865.8  1691.2  2079.3  4034.4 13910.1  75584.6    75754
read      380.0   350.4   173.5   242.3   261.0   346.4   382.4   402.5   418.8   435.8   463.0   505.5   948.3  4721.3 15509.0   5263.2     5187
read      501.0   510.1   160.7   220.6   239.2   441.6   551.1   620.4   670.3   725.9   790.6   879.6  1163.0  6407.2 30587.0  17690.2    17656
read      439.4   312.4   148.8   214.5   232.2   369.2   445.3   494.5   533.9   583.2   652.7   797.2  1824.6  2898.2  7507.2  96104.2    96343
read      409.8   309.7   160.7   208.9   224.4   359.8   449.3   502.8   538.6   577.4   622.3   689.1  1136.6  3412.7  8763.7  36734.2    36665
read      584.7   731.3   160.7   223.1   245.6   426.6   522.6   590.3   651.5   746.0   988.3  1683.1  2508.1  9136.7 29249.4  85432.6    85269
read      509.7   574.0   148.8   209.3   225.0   388.1   533.8   629.4   718.5   816.2   926.4  1099.9  1473.0  7728.2 30159.7  31480.6    31525
read      536.8   591.0   148.8   211.8   229.1   352.2   450.1   545.7   670.5   916.8  1203.9  1515.3  2022.0  6157.3 16018.5  61936.0    61798
read      469.9   785.7   160.7   217.8   236.3   396.5   481.2   526.6   556.5   588.0   627.7   689.5  1445.9 10913.0 31465.2  12308.0    12253
read      503.8   570.3   160.7   209.5   225.9   418.7   548.5   635.8   700.9   767.9   847.4   975.0  1273.4  5655.8 30625.6  25642.4    25710
read      600.1   582.7   148.8   218.4   238.6   420.5   506.5   576.8   652.9   848.6  1519.4  1746.2  2727.8  4028.7 12734.4  79962.4    79937
read      389.4   602.7   160.7   225.3   242.9   346.9   386.2   406.6   423.2   441.4   467.5   514.1  1507.3  7738.8 31274.4   7262.6     7271
read      611.9   595.9   148.8   223.9   247.6   429.6   522.3   598.0   676.6   857.3  1526.7  1743.5  2687.3  4505.2 17049.4  85605.4    85861
read      360.3   195.2   148.8   204.7   219.0   327.7   393.0   431.4   460.4   495.2   539.4   605.5   742.6  1702.5  6901.2  91486.6    91467
read      369.7   218.9   148.8   204.5   218.4   332.5   405.4   447.6   478.4   515.8   562.6   628.9   773.5  2078.0  8900.4  72364.2    72217
read      390.3   421.0   148.8   204.8   219.3   341.3   429.6   481.4   516.1   552.4   591.1   641.3   802.8  4108.1 20067.2  31129.2    31080
read      375.3   377.9   148.8   205.5   219.6   332.0   403.2   445.2   476.0   514.1   562.9   631.6   799.5  3495.7 12705.8  76782.2    76878
read      376.0   292.9   160.7   207.3   222.1   336.1   405.7   447.7   478.3   515.1   563.2   633.9   812.8  2356.5 11570.5  84667.8    84584
read      422.0   628.6   160.7   216.7   232.0   373.6   435.9   467.9   493.2   524.0   567.4   636.8  1058.1  9706.3 26337.0  12494.6    12492
read      424.6   357.6   148.8   205.5   220.1   342.4   422.1   475.7   520.6   576.0   653.0   956.6  1635.4  3362.5  8986.6  56883.6    57106
read      367.8   273.8   148.8   207.4   222.4   333.5   397.8   435.8   464.4   499.0   543.1   611.7   768.5  2105.4  9310.6  96613.6    96245
read      401.1   719.1   173.5   224.5   241.8   346.8   391.2   415.8   432.9   455.0   482.3   527.3  1053.9  8946.2 32015.2   6845.2     6791
read      462.7   526.2   148.8   211.1   227.9   369.4   445.9   493.8   532.6   582.8   657.0  1199.5  1847.8  4859.5 18396.1  90481.8    90728
read      385.9   650.2   173.5   230.7   248.3   329.0   362.5   381.1   395.4   412.7   435.8   481.5  1876.3  9727.8 28971.9   5074.6     5151
read      476.7   446.4   160.7   210.1   226.2   369.6   445.0   491.5   530.9   585.5   686.3  1540.1  1898.2  3090.2 14314.9  82688.6    82969
read      379.4   230.7   160.7   205.1   219.5   341.8   417.7   464.8   501.0   541.8   587.7   644.4   772.1  1761.7  7956.0  42583.4    42635
read      363.9   283.1   148.8   207.6   222.4   330.5   392.1   428.3   456.0   489.0   531.6   594.5   738.1  2777.0  8598.2  99365.6    99337
read      363.8   235.1   148.8   206.8   221.3   329.6   392.6   429.9   458.3   492.2   535.8   601.5   768.0  1948.1  8429.2  95292.2    95192
read      372.6   246.4   148.8   206.2   220.1   335.5   407.8   451.1   482.8   521.2   569.9   635.4   765.9  2076.9  9011.3  69198.2    69200
read      377.3   250.7   148.8   204.1   218.0   340.7   412.0   456.5   490.9   533.4   583.1   641.4   766.8  2711.1  8180.3  49494.6    49459
read      379.7   236.5   148.8   202.9   216.9   336.3   426.4   477.5   510.5   543.9   581.1   629.8   781.9  2723.0  9303.5  29080.8    29055
read      372.5   247.5   148.8   204.2   217.9   335.8   408.1   451.0   482.9   522.2   571.6   637.1   776.0  1865.7 11279.7  64135.2    64324
read      378.4   539.4   173.5   229.5   247.7   333.9   366.9   385.8   399.2   417.2   439.3   481.9  1646.9  7815.9 24117.0   5779.6     5705
read      610.3   564.8   160.7   223.0   245.3   428.0   515.2   589.3   668.2  1165.7  1561.5  1729.6  2309.0  3939.6 12967.9  84790.6    84816
read      380.2   318.4   148.8   203.1   216.7   337.0   432.5   476.8   504.3   532.8   564.6   606.0   718.4  4059.2  9219.3  23798.2    23714
read      374.0   250.2   148.8   205.5   219.6   335.8   411.1   454.0   485.2   521.9   568.1   635.8   799.6  1845.5  9889.3  73944.8    74116
read      414.4   442.9   160.7   206.3   221.5   375.2   460.5   499.4   526.3   556.9   600.7   698.3   940.7  5301.4 15096.3  19948.0    19948
read      456.7   479.9   160.7   206.6   221.5   349.4   447.0   517.5   571.2   635.9   786.3  1119.9  1573.5  4814.8 12438.4  43992.4    44213
read      410.7   408.3   160.7   207.4   222.7   375.7   462.5   501.7   528.1   557.2   595.3   683.0   929.7  4372.8 17922.1  19501.6    19454
read      428.2   837.3   160.7   221.8   240.3   364.3   419.3   448.1   466.9   489.6   516.0   560.2  1850.6  9916.2 32212.4   7106.0     7190
read      435.8   369.0   148.8   206.7   221.7   350.8   438.7   498.3   544.0   599.6   681.9   995.9  1562.4  4037.4  8522.3  47646.4    47657
read      377.9   234.8   148.8   202.8   216.4   340.3   414.6   462.5   499.0   541.3   589.0   644.5   773.1  1840.7  7892.1  44458.2    44399
read      396.2   718.6   173.5   225.9   244.5   346.6   388.2   410.4   427.1   446.6   470.3   510.9  1471.0  8263.4 31758.9   6447.4     6481
read      406.5   632.7   173.5   227.1   246.1   349.6   395.2   419.2   434.9   454.3   476.4   518.2  2087.1  9435.4 26078.2   5748.8     5807
read      578.7   583.4   160.7   217.8   237.1   412.1   493.4   556.0   622.5   764.1  1514.1  1712.1  2069.8  3312.1 17452.0  82944.8    83137
read      414.7   666.9   160.7   219.7   235.8   366.1   416.6   442.6   461.2   483.8   513.6   571.6  1504.1  9654.3 31379.5   9602.6     9580
read      457.9   572.9   160.7   207.4   222.7   357.6   461.7   526.7   573.1   630.8   754.6  1052.2  1469.2  5910.1 29195.8  37417.0    37385
read      386.7   260.6   160.7   204.8   219.1   343.7   430.5   483.5   519.4   556.6   596.3   647.7   773.8  2159.6 12238.4  33825.8    33706
read      380.4   272.8   160.7   202.5   215.7   336.7   418.6   471.2   507.5   545.3   586.5   636.6   764.4  3063.4  7600.4  35148.4    35204
read      389.1   230.9   148.8   207.6   222.5   351.9   429.6   476.5   511.6   551.4   598.6   660.5   817.7  2028.8  8660.9  50385.0    50438
read      384.1   203.9   148.8   208.1   223.1   352.0   428.9   475.1   508.9   546.7   589.4   641.6   746.7  1573.6  8869.7  48870.4    48878
read      387.5   206.5   148.8   209.0   224.1   354.0   433.9   483.0   518.0   555.2   596.0   648.4   745.6  1657.0  9201.2  42650.4    42682
read      384.7   196.7   160.7   208.6   224.0   350.1   443.8   491.0   519.5   547.7   579.7   622.5   701.8  1173.8  8242.2  27467.4    27416
read      378.6   175.5   148.8   209.1   223.8   345.6   423.4   466.5   498.8   535.4   579.7   638.5   765.6  1540.4  5933.9  64439.2    64424
read      381.0   200.0   148.8   207.8   222.7   346.9   425.8   469.9   502.7   540.4   585.9   647.0   782.2  1572.7  7687.7  64472.8    64364
read      368.3   390.0   173.5   238.7   256.6   336.9   364.3   378.4   389.3   400.3   417.9   445.4  1319.5  7618.6 12570.2   5445.0     5481
read      386.1   248.5   160.7   209.4   225.2   352.7   444.3   489.6   517.0   544.3   575.5   616.7   691.0  1965.5  9849.8  26123.4    26227
read      384.5   239.7   148.8   209.0   224.5   350.7   443.4   488.8   516.8   544.4   575.7   617.7   697.5  1263.3  9912.8  26479.8    26586
read      370.3   183.3   148.8   209.6   224.4   336.8   406.2   448.2   478.1   513.5   558.6   626.0   770.7  1566.4  6046.1  86138.8    86286
read      383.6   215.9   160.7   209.3   224.9   351.4   445.3   488.0   514.1   540.6   570.8   610.5   686.8  1094.5  9474.1  24551.0    24452
read      384.0   233.8   148.8   208.1   223.5   347.7   441.5   487.5   515.9   544.0   576.1   618.3   691.9  1384.7 10146.0  26818.0    26832
read      384.1   233.9   148.8   207.8   223.4   348.5   436.5   484.8   515.0   545.9   580.1   624.8   709.6  1563.1  9716.6  29887.2    29795
