0.0	| 0.2	| 0.2	| 0.2	| 0.2	| 1715182111.511113
1.6	| 1.6	| 0.8	| 0.4	| 0.8	| 1715182116.5165186
6.2	| 1.1	| 0.8	| 0.6	| 0.4	| 1715182121.5219145
10.8	| 0.7	| 0.6	| 0.6	| 0.4	| 1715182126.5273027
11.6	| 1.8	| 0.4	| 0.6	| 0.2	| 1715182131.5306368
12.6	| 1.2	| 0.6	| 0.6	| 0.6	| 1715182136.5346458
25.0	| 2.2	| 0.8	| 0.2	| 0.8	| 1715182141.540089
22.2	| 2.3	| 1.3	| 1.2	| 0.6	| 1715182146.5426323
22.2	| 4.5	| 1.2	| 0.6	| 0.6	| 1715182151.5479932
25.4	| 5.5	| 1.0	| 1.3	| 1.1	| 1715182156.5535178
42.8	| 24.3	| 3.2	| 3.4	| 3.7	| 1715182161.558638
33.0	| 27.1	| 4.3	| 3.7	| 3.7	| 1715182166.5640686
34.6	| 31.5	| 4.5	| 4.0	| 3.5	| 1715182171.5667763
45.0	| 43.3	| 7.8	| 6.6	| 4.4	| 1715182176.5722115
54.0	| 56.2	| 7.2	| 6.8	| 10.6	| 1715182181.5747185
44.4	| 46.7	| 8.9	| 7.5	| 7.2	| 1715182186.5788124
45.4	| 47.8	| 9.6	| 11.0	| 5.2	| 1715182191.582782
68.1	| 71.4	| 12.9	| 11.5	| 11.8	| 1715182196.5882423
66.6	| 70.3	| 11.3	| 11.3	| 8.2	| 1715182201.5907848
58.2	| 60.2	| 10.9	| 7.6	| 8.9	| 1715182206.5947812
59.8	| 61.8	| 12.8	| 9.9	| 8.5	| 1715182211.5989366
94.1	| 94.9	| 19.6	| 18.6	| 14.8	| 1715182216.6044033
66.6	| 66.9	| 12.2	| 9.7	| 14.4	| 1715182221.606834
63.7	| 64.1	| 12.6	| 12.1	| 10.0	| 1715182226.6109607
69.9	| 69.8	| 12.0	| 15.4	| 8.0	| 1715182231.6163642
93.8	| 94.0	| 21.7	| 18.1	| 11.3	| 1715182236.6188731
63.7	| 63.9	| 13.8	| 8.0	| 9.6	| 1715182241.624473
63.4	| 63.9	| 12.5	| 8.9	| 10.5	| 1715182246.626968
79.2	| 79.2	| 14.6	| 18.3	| 9.3	| 1715182251.6282082
84.7	| 84.8	| 19.4	| 13.2	| 16.4	| 1715182256.6338573
63.3	| 63.6	| 13.2	| 11.9	| 15.9	| 1715182261.6389117
63.7	| 64.3	| 13.0	| 11.5	| 17.1	| 1715182266.6428366
88.3	| 88.4	| 21.1	| 16.2	| 17.2	| 1715182271.6482706
75.3	| 75.3	| 22.3	| 17.8	| 8.7	| 1715182276.6538026
63.7	| 64.2	| 18.1	| 9.9	| 8.4	| 1715182281.6588228
60.9	| 61.4	| 16.6	| 9.2	| 6.7	| 1715182286.6642582
0.0	| 0.4	| 0.4	| 0.4	| 0.6	| 1715182291.66968

0.0	| 0.4	| 0.8	| 0.4	| 0.4	| 1715182516.9319956
0.0	| 0.2	| 0.4	| 0.6	| 0.2	| 1715182521.9374502
2.8	| 1.6	| 0.2	| 0.6	| 0.2	| 1715182526.942615
4.8	| 1.1	| 0.8	| 0.8	| 0.2	| 1715182531.9449594
13.4	| 1.9	| 1.2	| 1.0	| 0.8	| 1715182536.9465966
12.4	| 1.2	| 0.6	| 0.6	| 0.4	| 1715182541.9506147
13.8	| 0.9	| 0.8	| 0.4	| 0.8	| 1715182546.9546373
19.4	| 1.3	| 1.0	| 1.0	| 0.4	| 1715182551.9561782
28.0	| 2.3	| 1.3	| 1.1	| 1.1	| 1715182556.958642
23.2	| 4.8	| 1.5	| 1.1	| 0.4	| 1715182561.9627254
25.2	| 7.9	| 1.5	| 1.7	| 1.5	| 1715182566.9666524
37.8	| 18.1	| 2.2	| 2.1	| 2.6	| 1715182571.972092
42.0	| 38.2	| 5.0	| 4.2	| 4.4	| 1715182576.9747224
36.4	| 33.5	| 6.7	| 3.7	| 4.2	| 1715182581.9787972
38.0	| 38.0	| 6.9	| 5.3	| 4.8	| 1715182586.9827888
61.3	| 63.7	| 11.9	| 11.0	| 9.3	| 1715182591.987376
51.0	| 53.8	| 11.9	| 9.7	| 8.8	| 1715182596.990789
47.0	| 48.7	| 10.8	| 6.9	| 5.2	| 1715182601.9948273
50.1	| 53.0	| 11.7	| 9.5	| 5.6	| 1715182607.000231
82.2	| 85.4	| 23.8	| 15.2	| 12.2	| 1715182612.0028982
61.4	| 62.7	| 11.3	| 6.8	| 6.4	| 1715182617.0068803
61.8	| 62.9	| 11.5	| 10.4	| 7.2	| 1715182622.010798
74.3	| 74.8	| 15.8	| 7.4	| 9.1	| 1715182627.01622
89.4	| 89.6	| 18.5	| 9.5	| 12.6	| 1715182632.0188143
63.9	| 64.0	| 12.6	| 11.1	| 11.4	| 1715182637.0228484
63.5	| 64.1	| 14.0	| 9.9	| 11.9	| 1715182642.0267854
83.5	| 83.4	| 14.0	| 17.6	| 12.9	| 1715182647.030594
80.7	| 81.0	| 17.5	| 10.2	| 13.8	| 1715182652.0348485
63.5	| 63.6	| 14.8	| 9.2	| 9.1	| 1715182657.0388408
63.7	| 64.2	| 14.9	| 9.2	| 7.7	| 1715182662.0428522
92.1	| 92.2	| 23.6	| 18.0	| 6.1	| 1715182667.0465758
71.7	| 72.0	| 13.7	| 10.7	| 14.1	| 1715182672.0507915
63.7	| 63.9	| 12.9	| 7.1	| 10.2	| 1715182677.0547225
64.3	| 64.4	| 15.7	| 5.6	| 8.2	| 1715182682.0602148
99.4	| 99.4	| 23.6	| 15.9	| 12.2	| 1715182687.0627956
63.9	| 64.1	| 11.5	| 11.9	| 12.0	| 1715182692.0683892
37.0	| 37.3	| 5.9	| 5.9	| 4.4	| 1715182697.0737944
0.0	| 0.6	| 0.6	| 0.4	| 0.2	| 1715182702.0792923
0.0	| 0.4	| 0.0	| 0.4	| 0.4	| 1715182707.0847476
0.0	| 0.6	| 0.2	| 0.4	| 0.6	| 1715182712.0903955
0.0	| 0.8	| 1.0	| 0.6	| 0.2	| 1715182717.0958734
0.0	| 0.2	| 0.2	| 0.4	| 0.2	| 1715182722.1013663

0.0	| 0.6	| 0.6	| 0.2	| 0.4	| 1715182828.8740652
0.0	| 1.4	| 0.4	| 0.6	| 0.4	| 1715182833.879557
2.8	| 1.2	| 0.6	| 1.0	| 0.6	| 1715182838.8837721
5.0	| 2.1	| 0.6	| 0.4	| 0.0	| 1715182843.8884444
14.0	| 1.7	| 1.0	| 0.6	| 1.0	| 1715182848.8906274
12.6	| 0.7	| 0.6	| 0.8	| 0.4	| 1715182853.8946016
14.2	| 1.2	| 1.0	| 1.0	| 0.4	| 1715182858.8985913
19.2	| 1.3	| 0.4	| 0.6	| 0.4	| 1715182863.9040005
28.6	| 2.6	| 1.1	| 0.9	| 1.1	| 1715182868.906626
23.6	| 4.6	| 1.5	| 1.1	| 1.1	| 1715182873.912331
25.6	| 9.5	| 1.5	| 1.7	| 0.9	| 1715182878.9145973
37.0	| 17.0	| 3.3	| 3.2	| 3.5	| 1715182883.9200125
41.0	| 33.5	| 6.1	| 4.4	| 3.8	| 1715182888.9223888
35.6	| 31.0	| 7.6	| 4.9	| 5.2	| 1715182893.9266331
37.2	| 36.8	| 8.2	| 7.1	| 6.0	| 1715182898.9306378
60.5	| 62.3	| 14.8	| 11.8	| 6.1	| 1715182903.9360466
47.4	| 48.9	| 8.7	| 11.7	| 7.5	| 1715182908.938854
47.0	| 49.3	| 10.2	| 5.9	| 7.6	| 1715182913.9426935
52.5	| 56.0	| 10.5	| 6.8	| 6.7	| 1715182918.9480984
79.4	| 82.8	| 21.4	| 11.5	| 12.2	| 1715182923.9508102
59.8	| 61.5	| 12.0	| 12.1	| 9.3	| 1715182928.9548907
61.2	| 62.6	| 11.2	| 8.5	| 7.2	| 1715182933.9588547
74.1	| 74.8	| 16.0	| 10.4	| 9.8	| 1715182938.9625862
88.1	| 88.2	| 20.0	| 14.8	| 8.3	| 1715182943.9672005
63.9	| 64.3	| 14.5	| 8.2	| 9.0	| 1715182948.9727528
63.8	| 63.8	| 13.3	| 9.1	| 8.0	| 1715182953.9748523
84.3	| 84.6	| 17.9	| 13.7	| 12.8	| 1715182958.9783893
79.3	| 79.4	| 14.6	| 17.0	| 8.8	| 1715182963.9828317
63.9	| 64.1	| 13.3	| 13.7	| 8.8	| 1715182968.9881513
64.0	| 64.1	| 12.2	| 13.6	| 7.5	| 1715182973.9908247
93.1	| 93.2	| 18.6	| 7.8	| 7.8	| 1715182978.9946184
70.1	| 70.4	| 12.3	| 9.0	| 13.3	| 1715182983.9997084
63.8	| 64.1	| 11.2	| 9.6	| 10.0	| 1715182989.0028563
66.1	| 66.5	| 15.5	| 10.0	| 5.4	| 1715182994.0082662
97.8	| 97.6	| 21.1	| 15.2	| 21.4	| 1715182999.0107455
63.3	| 63.7	| 13.2	| 6.7	| 13.7	| 1715183004.0147831
39.2	| 39.0	| 8.0	| 5.1	| 8.6	| 1715183009.0202684
0.0	| 0.4	| 0.6	| 0.2	| 0.6	| 1715183014.02571