0.0	| 0.4	| 1.2	| 0.4	| 0.6	| 1715183119.265119
0.0	| 0.6	| 0.6	| 0.4	| 0.4	| 1715183124.2706196
0.0	| 0.6	| 0.4	| 0.8	| 0.4	| 1715183129.2744012
3.2	| 1.0	| 0.4	| 0.2	| 0.2	| 1715183134.278624
6.2	| 1.7	| 1.9	| 0.8	| 0.6	| 1715183139.2840202
15.8	| 1.5	| 1.3	| 0.4	| 0.4	| 1715183144.2865984
14.2	| 1.1	| 0.9	| 0.8	| 0.6	| 1715183149.2906036
16.8	| 0.7	| 0.9	| 0.4	| 0.4	| 1715183154.2946095
24.2	| 0.9	| 0.2	| 1.3	| 0.8	| 1715183159.298608
34.0	| 0.7	| 1.2	| 0.8	| 0.2	| 1715183164.3026226
29.6	| 1.9	| 1.2	| 1.1	| 1.3	| 1715183169.3066323
31.6	| 1.7	| 1.5	| 1.1	| 0.6	| 1715183174.310602
48.7	| 3.5	| 2.4	| 2.2	| 1.7	| 1715183179.3160338
47.6	| 6.8	| 5.6	| 4.3	| 1.7	| 1715183184.3186233
44.0	| 10.1	| 9.4	| 5.4	| 2.5	| 1715183189.3225927
46.6	| 11.1	| 7.9	| 5.9	| 2.6	| 1715183194.3266125
76.7	| 23.7	| 23.1	| 11.2	| 4.8	| 1715183199.3320377
58.6	| 20.8	| 22.9	| 9.3	| 5.8	| 1715183204.334661
58.8	| 20.5	| 24.3	| 13.2	| 8.2	| 1715183209.3387995
67.5	| 25.5	| 33.3	| 14.6	| 10.6	| 1715183214.344311
99.8	| 51.6	| 48.1	| 19.7	| 11.7	| 1715183219.346634
71.7	| 30.3	| 38.7	| 15.6	| 8.6	| 1715183224.350633
74.9	| 34.7	| 41.9	| 15.5	| 9.5	| 1715183229.354828
99.7	| 51.7	| 54.5	| 18.8	| 15.1	| 1715183234.360291
110.7	| 60.5	| 57.2	| 23.9	| 14.8	| 1715183239.3628652
89.1	| 48.3	| 47.6	| 16.8	| 12.0	| 1715183244.3669074
90.9	| 48.4	| 49.1	| 17.4	| 10.1	| 1715183249.3710194
128.7	| 66.2	| 70.2	| 26.0	| 18.1	| 1715183254.376463
119.7	| 60.4	| 65.3	| 25.1	| 17.2	| 1715183259.3788028
101.9	| 53.4	| 54.3	| 19.9	| 16.6	| 1715183264.3828948
102.1	| 52.8	| 54.5	| 23.5	| 19.3	| 1715183269.386967
167.7	| 90.6	| 82.8	| 31.8	| 28.7	| 1715183274.390598
119.5	| 61.0	| 62.9	| 20.2	| 23.4	| 1715183279.3949919
118.5	| 61.9	| 59.6	| 19.2	| 15.0	| 1715183284.3994985
131.3	| 69.0	| 64.2	| 20.8	| 11.4	| 1715183289.4049401
180.5	| 92.2	| 91.6	| 41.7	| 35.1	| 1715183294.4074798
122.9	| 61.4	| 63.7	| 21.8	| 14.4	| 1715183299.4108868
80.1	| 39.4	| 41.7	| 14.3	| 9.0	| 1715183304.414617
0.0	| 0.6	| 0.2	| 0.4	| 0.0	| 1715183309.4200096

0.0	| 0.6	| 0.4	| 0.0	| 0.4	| 1715183345.668719
1.6	| 0.6	| 0.4	| 0.2	| 0.6	| 1715183350.6706119
8.4	| 1.5	| 1.5	| 1.2	| 0.8	| 1715183355.6760886
13.2	| 0.7	| 1.7	| 0.6	| 0.6	| 1715183360.678688
14.0	| 1.1	| 1.3	| 0.8	| 0.6	| 1715183365.6825967
16.0	| 1.3	| 0.9	| 0.8	| 1.0	| 1715183370.6866198
30.2	| 1.2	| 0.7	| 1.7	| 0.6	| 1715183375.6906114
26.8	| 1.2	| 1.2	| 1.1	| 1.2	| 1715183380.6945999
28.0	| 1.4	| 1.2	| 1.1	| 0.2	| 1715183385.6996474
32.4	| 1.5	| 1.7	| 1.3	| 0.8	| 1715183390.7025902
52.2	| 3.8	| 4.6	| 2.8	| 1.3	| 1715183395.7065887
40.6	| 5.4	| 6.8	| 3.5	| 2.5	| 1715183400.7106311
42.0	| 7.1	| 5.7	| 4.2	| 1.7	| 1715183405.7146127
55.3	| 9.7	| 9.7	| 6.1	| 2.6	| 1715183410.720039
68.4	| 20.7	| 19.0	| 11.0	| 4.1	| 1715183415.722602
56.0	| 22.2	| 17.9	| 10.0	| 4.2	| 1715183420.7266588
58.2	| 24.5	| 22.0	| 9.7	| 6.2	| 1715183425.7308936
84.1	| 36.9	| 38.9	| 18.1	| 8.7	| 1715183430.7363205
83.1	| 43.1	| 37.2	| 16.0	| 8.8	| 1715183435.7404861
72.0	| 36.9	| 34.9	| 14.4	| 9.5	| 1715183440.7426345
72.3	| 36.5	| 36.1	| 14.3	| 9.9	| 1715183445.7470038
118.1	| 60.8	| 63.4	| 19.8	| 17.5	| 1715183450.75243
94.0	| 46.2	| 53.6	| 15.6	| 9.8	| 1715183455.7547784
87.3	| 45.0	| 48.7	| 17.5	| 11.5	| 1715183460.758896
91.3	| 46.2	| 48.7	| 19.8	| 12.4	| 1715183465.764358
148.7	| 77.9	| 81.0	| 23.7	| 19.8	| 1715183470.766812
101.1	| 55.5	| 51.4	| 22.6	| 12.4	| 1715183475.7709942
104.9	| 55.2	| 55.4	| 19.4	| 12.6	| 1715183480.7747898
127.5	| 61.0	| 71.6	| 20.0	| 19.3	| 1715183485.780226
148.3	| 75.4	| 79.6	| 30.8	| 30.7	| 1715183490.783012
117.7	| 59.8	| 61.4	| 17.9	| 16.3	| 1715183495.7868865
122.9	| 62.0	| 62.9	| 17.2	| 14.9	| 1715183500.790835
167.5	| 84.0	| 84.0	| 21.2	| 14.7	| 1715183505.7946146
155.9	| 79.8	| 77.4	| 33.1	| 20.3	| 1715183510.7988987
125.9	| 63.4	| 63.5	| 21.6	| 22.8	| 1715183515.8028405
111.3	| 55.6	| 56.7	| 13.5	| 25.0	| 1715183520.8067827
0.0	| 0.2	| 0.4	| 0.2	| 0.6	| 1715183525.8106678
0.0	| 0.4	| 0.6	| 0.2	| 0.4	| 1715183530.816126

0.0	| 0.8	| 0.6	| 0.2	| 0.2	| 1715183564.5760999
0.2	| 0.6	| 0.8	| 0.4	| 0.8	| 1715183569.5786393
3.2	| 0.8	| 0.2	| 0.4	| 0.4	| 1715183574.582638
6.6	| 1.0	| 1.5	| 1.2	| 0.2	| 1715183579.5872781
16.6	| 1.3	| 1.3	| 0.4	| 0.2	| 1715183584.5906472
15.6	| 1.1	| 0.9	| 0.8	| 0.2	| 1715183589.5946152
17.6	| 0.7	| 0.9	| 0.8	| 0.4	| 1715183594.598621
23.6	| 0.7	| 0.7	| 0.8	| 0.6	| 1715183599.6040304
35.0	| 0.8	| 1.0	| 0.4	| 0.6	| 1715183604.6066198
29.6	| 1.7	| 2.1	| 1.6	| 0.8	| 1715183609.610612
31.2	| 1.9	| 1.4	| 1.3	| 0.6	| 1715183614.6145787
46.0	| 3.9	| 3.4	| 2.6	| 0.6	| 1715183619.6200235
50.7	| 6.8	| 8.0	| 3.8	| 1.5	| 1715183624.625625
44.2	| 6.4	| 9.8	| 5.3	| 2.7	| 1715183629.6306295
46.4	| 6.9	| 12.3	| 4.8	| 2.1	| 1715183634.6349149
73.3	| 19.0	| 20.1	| 10.0	| 5.6	| 1715183639.640341
61.4	| 15.7	| 23.5	| 9.5	| 5.9	| 1715183644.642731
60.2	| 23.8	| 24.7	| 11.7	| 6.1	| 1715183649.6466887
65.8	| 29.8	| 26.8	| 13.4	| 7.5	| 1715183654.649753
102.7	| 50.0	| 48.0	| 21.3	| 12.0	| 1715183659.6547217
72.1	| 35.9	| 37.2	| 13.3	| 7.6	| 1715183664.658827
74.7	| 38.0	| 34.6	| 16.7	| 7.7	| 1715183669.662644
91.1	| 47.2	| 43.3	| 19.8	| 11.9	| 1715183674.6680923
114.5	| 58.3	| 61.6	| 21.2	| 21.9	| 1715183679.6708548
89.1	| 47.9	| 46.8	| 14.8	| 12.3	| 1715183684.6748366
91.7	| 50.0	| 47.5	| 17.8	| 12.1	| 1715183689.6788356
126.7	| 67.3	| 67.3	| 23.8	| 14.3	| 1715183694.684284
125.7	| 69.7	| 62.9	| 21.8	| 18.9	| 1715183699.6872942
105.5	| 53.9	| 56.6	| 20.9	| 13.2	| 1715183704.690766
107.7	| 54.4	| 58.3	| 16.5	| 13.1	| 1715183709.6950383
162.9	| 87.2	| 82.5	| 29.3	| 21.4	| 1715183714.698663
129.1	| 67.0	| 65.7	| 23.7	| 19.8	| 1715183719.7044177
117.9	| 61.4	| 59.7	| 21.8	| 18.8	| 1715183724.706995
125.3	| 65.0	| 63.1	| 21.5	| 22.1	| 1715183729.7124157
192.7	| 97.0	| 96.6	| 26.1	| 36.6	| 1715183734.7150187
124.7	| 62.0	| 63.9	| 30.0	| 19.5	| 1715183739.7207112
76.5	| 38.5	| 39.0	| 17.6	| 11.5	| 1715183744.7261438
0.2	| 1.0	| 0.4	| 0.4	| 0.6	| 1715183749.7273831
0.0	| 0.6	| 0.4	| 0.2	| 0.2	| 1715183754.7328005
0.0	| 0.0	| 0.2	| 0.2	| 0.4	| 1715183759.7381768