read      328.7   219.0   148.8   210.9   226.1   309.0   352.2   376.7   394.9   416.3   443.0   482.3   566.2  1635.0 11398.2  30432.1    30435  1714989806576  1714989816688
read      337.4   238.6   160.7   215.9   231.3   316.9   360.1   384.9   402.4   424.7   451.8   492.0   587.7  2096.1 11829.4  30463.8    30440  1714989818196  1714989828307
read      314.4   565.6   160.7   212.4   224.3   289.6   328.9   354.2   373.0   396.2   425.5   466.8   548.7  1123.9  8369.8  30394.8    30445  1714989829815  1714989839925
read      334.7   241.0   148.8   209.5   225.1   315.1   360.8   386.4   403.9   426.5   453.8   493.4   582.0  1844.9 14547.0  30464.1    30450  1714989841433  1714989851544
read      324.2   423.5   148.8   208.3   222.2   303.3   348.3   373.7   392.6   413.9   440.3   480.6   572.5  1266.0  8691.2  30369.0    30455  1714989853054  1714989863184
read      327.6   439.2   148.8   206.9   221.8   303.9   349.6   376.3   395.7   418.5   446.6   488.4   583.3  1996.4 11636.7  30455.8    30460  1714989864692  1714989874800
read      326.0   863.4   148.8   209.5   222.7   301.0   345.2   370.4   389.1   410.3   437.4   477.9   567.1  1905.4  9927.5  30428.6    30465  1714989876307  1714989886424
read      308.4   213.8   160.7   208.4   221.2   285.3   320.7   344.8   364.0   386.3   414.4   457.1   542.2  1648.9 10320.1  30426.9    30470  1714989887932  1714989898051
read      323.3   214.3   160.7   212.2   224.6   298.2   342.7   369.4   389.2   411.9   440.6   483.8   579.3  2041.1  8778.4  30454.9    30475  1714989899560  1714989909672
read      320.1   222.9   160.7   210.6   223.1   294.1   337.2   363.7   383.1   405.4   435.0   477.8   582.8  2028.1 10550.8  30458.1    30375  1714989667118  1714989677228
read      326.3   240.7   148.8   212.2   225.7   302.8   345.4   371.3   390.4   412.2   439.3   479.5   573.6  2481.9 12315.5  30392.3    30380  1714989678737  1714989688852
read      328.9   213.0   160.7   214.3   227.7   308.1   351.2   376.2   394.6   416.0   442.9   484.0   578.0  1637.1 11012.9  30441.2    30385  1714989690362  1714989700470
