read      331.1   257.6   160.7   210.7   224.7   308.4   353.0   377.8   396.4   418.2   445.2   487.3   585.5  2490.2 12588.6  30394.3    30480  1714989911182  1714989921290
read      331.2   228.9   148.8   210.1   224.2   309.8   355.5   381.1   399.6   422.2   450.1   491.4   585.2  1876.0 10036.1  30427.9    30485  1714989922798  1714989932907
read      327.0   196.5   160.7   211.3   224.8   305.7   350.2   375.7   394.9   417.2   445.1   486.1   579.7  1475.2  9574.1  30469.2    30490  1714989934414  1714989944524
read      322.2   217.3   160.7   209.9   223.2   298.8   342.7   368.7   388.0   410.2   438.6   480.1   567.6  1750.8 10547.7  30485.1    30495  1714989946033  1714989956144
read      325.0   226.1   160.7   212.1   225.9   301.1   343.3   369.5   388.9   410.9   438.3   480.0   572.5  2215.4 12200.0  30475.1    30500  1714989957653  1714989967769
read      328.8   234.7   160.7   214.7   227.2   305.2   349.9   376.2   395.4   417.8   445.7   487.0   574.6  1851.7 11025.6  30290.5    30390  1714989701981  1714989712094
read      313.5   227.6   148.8   209.2   222.2   289.5   328.1   352.7   371.3   394.2   423.3   465.0   557.8  1644.4 12185.3  30339.8    30395  1714989713604  1714989723717
read      334.8   210.8   160.7   208.5   224.0   316.0   361.8   387.0   404.1   426.5   453.6   492.9   583.7  2152.8  8093.5  30422.4    30400  1714989725226  1714989735341
read      320.5   211.6   160.7   211.6   225.0   297.1   338.6   364.3   383.1   404.3   432.8   471.8   563.3  1782.0 10550.4  30462.2    30405  1714989736850  1714989746963
read      325.1   229.3   148.8   210.9   224.5   301.5   345.2   371.2   390.3   411.9   439.2   480.4   575.4  2158.0 11813.7  30492.4    30410  1714989748473  1714989758587
read      329.8   218.5   148.8   211.6   225.3   308.2   354.1   380.0   398.7   421.3   449.4   491.2   583.9  1470.7 12001.4  30424.6    30415  1714989760095  1714989770205
read      325.9   238.8   148.8   212.5   225.3   300.3   343.6   369.8   389.2   411.4   439.8   483.5   582.7  2685.2 10796.4  30362.3    30420  1714989771712  1714989781821