#type       avg     std     min      p5     p10     p50     p67     p75     p80     p85     p90     p95     p99    p999   p9999      QPS   target       ts_start         ts_end
read      239.4   162.7    80.4   132.4   145.7   215.5   255.1   281.5   301.4   325.6   358.0   405.4   504.3  1301.6  7886.8  29953.4    30000  1715518652641  1715518662849
read      232.8   311.6    86.8   128.5   139.3   203.4   239.3   263.3   282.6   308.5   344.1   399.7   506.9  2286.7 14455.5  30008.1    30005  1715518664359  1715518674499
read      228.3   204.8    86.8   127.2   137.9   201.1   237.3   262.8   282.9   309.7   345.8   399.3   503.4  1541.7  8685.0  30071.3    30010  1715518676008  1715518686119
read      231.7   180.0    86.8   128.3   139.1   205.5   243.4   268.0   288.0   314.2   352.2   407.8   518.3  1586.9  7990.9  29950.2    30015  1715518687628  1715518697741
read      219.4   184.0    80.4   124.0   134.1   193.9   228.4   251.5   270.9   296.3   332.7   383.4   475.7  1502.7  8032.0  30020.1    30020  1715518699248  1715518709359
read      236.1   312.4    80.4   126.6   137.6   204.4   243.8   269.7   290.8   317.9   357.2   416.7   541.9  1930.0 16697.3  30062.3    30025  1715518710870  1715518720988
read      222.9   147.4    80.4   125.3   135.8   198.4   234.1   258.9   278.7   305.4   341.2   395.6   491.7   918.4  7224.0  30118.8    30030  1715518722496  1715518732614
read      632.4  1019.9    80.4   132.5   146.2   255.7   358.8   499.5   912.4  1332.6  1778.9  2477.3  3929.3 12765.7 20468.7  24390.4    30035  1715518734123  1715518744248
read      313.1   446.7    80.4   128.0   139.3   216.8   267.2   302.5   334.6   381.5   453.0   697.1  2151.4  4391.4 15533.3  30006.2    30040  1715518745758  1715518755872
read      229.3   222.1    80.4   126.6   137.6   203.1   240.2   264.6   284.0   310.0   345.8   401.7   505.6  1078.2 11296.8  29980.6    30045  1715518757381  1715518767496
read      232.3   165.5    80.4   126.3   137.3   207.3   247.8   272.1   291.9   316.9   353.7   410.6   511.9  1471.3  7583.9  30052.3    30050  1715518769003  1715518779137
read      231.9   235.7    80.4   125.5   136.5   205.8   244.0   268.3   287.7   313.2   349.2   404.2   507.5  1271.4 11407.5  29981.0    30055  1715518780646  1715518790771
read      231.0   164.2    86.8   126.7   138.0   205.1   243.5   269.5   290.6   317.0   353.2   405.6   520.2  1259.9  7604.3  30194.4    30060  1715518792279  1715518802396
read      245.2   163.8    80.4   132.3   147.2   221.4   264.1   291.8   312.6   337.7   369.8   417.7   516.8   958.3  8130.3  30088.1    30065  1715518803908  1715518814022
read      244.3   150.9    80.4   133.1   148.1   220.7   263.9   291.7   312.7   337.2   368.3   415.5   510.9   872.0  6363.6  30036.8    30070  1715518815534  1715518825654
read      237.7   200.1    80.4   127.8   139.1   208.8   248.9   275.7   297.4   325.9   363.6   417.8   545.3  1979.6  8316.0  30012.3    30075  1715518827163  1715518837296
read      238.1   210.8    74.4   126.8   138.0   208.3   250.5   277.5   299.5   327.5   367.0   426.9   564.7  1561.9  9003.9  30177.6    30080  1715518838807  1715518848922
read      236.6   288.7    86.8   129.4   140.3   206.3   244.6   270.2   291.0   318.0   356.8   413.3   525.7  1559.7 13738.0  30063.4    30085  1715518850431  1715518860549
read      241.3   187.6    86.8   127.5   138.7   213.4   256.9   283.9   304.7   331.5   368.9   427.3   556.7  2161.2  7850.3  30019.9    30090  1715518862057  1715518872172
read      228.7   212.9    80.4   124.3   134.9   202.1   240.7   265.7   285.4   311.4   348.7   407.1   515.7  1208.8 12257.4  30129.4    30095  1715518873680  1715518883801
read      235.3   367.4    80.4   123.9   134.3   197.7   234.5   260.6   282.2   311.0   349.0   403.0   539.9  5412.7 13662.8  30048.2    30100  1715518885310  1715518895423
read      232.3   188.8    74.4   125.8   136.8   206.0   245.5   270.3   290.2   316.0   353.1   411.1   528.0  1526.2  8654.6  30083.9    30105  1715518896934  1715518907057
read      224.3   234.1    80.4   124.7   135.1   196.6   231.7   255.1   274.3   300.8   337.9   393.1   490.7  1685.1  9724.9  30125.7    30110  1715518908565  1715518918687
read      231.5   180.2    80.4   126.5   137.2   204.4   244.3   270.3   291.1   317.5   355.6   413.0   515.6  1527.1  7968.0  29973.5    30115  1715518920197  1715518930313
read      231.1   201.6    80.4   126.4   137.6   202.8   240.9   266.2   286.4   313.0   350.1   406.8   532.8  1749.8  7923.4  30158.7    30120  1715518931821  1715518941946
read      219.1   165.1    80.4   123.2   133.7   195.7   230.7   253.0   271.3   295.1   331.0   389.1   478.9   857.2  8079.3  30085.3    30125  1715518943457  1715518953580
read      222.2   152.2    80.4   124.2   135.7   201.1   236.2   259.5   277.3   301.3   335.5   388.0   468.7   803.7  7637.1  30160.0    30130  1715518955091  1715518965203
read      234.0   134.9    74.4   131.3   144.8   213.5   251.1   275.8   295.1   318.2   348.2   395.6   475.1   817.0  5681.8  30071.8    30135  1715518966713  1715518976825
read      236.7   282.6    80.4   126.5   137.5   203.3   241.7   267.6   288.3   315.3   353.4   410.2   540.9  3622.0 13537.1  30183.5    30185  1715519082970  1715519093091
read      227.3   254.6    80.4   126.0   136.6   196.7   232.6   257.7   278.2   305.2   341.2   394.9   504.8  2767.9 11940.5  30126.1    30190  1715519094600  1715519104718
read      232.0   226.4    80.4   127.5   138.1   202.8   241.0   266.7   287.3   314.3   352.1   410.0   525.5  1484.8 11353.0  30210.7    30195  1715519106231  1715519116351
read      224.1   168.2    80.4   122.9   133.4   196.3   234.4   260.1   280.5   307.5   344.9   402.7   514.7  1565.5  7492.4  30257.6    30200  1715519117859  1715519127976
read      228.0   170.8    86.8   125.5   136.2   201.4   239.9   265.4   285.4   311.1   347.1   405.6   514.6  1214.2  7176.0  30226.6    30205  1715519129484  1715519139608
read      222.1   165.3    80.4   124.0   134.4   196.7   232.6   256.5   275.4   301.2   338.0   392.7   490.9  1538.0  7806.5  30171.7    30210  1715519141116  1715519151235
read      227.0   166.6    80.4   125.4   136.2   202.6   240.6   264.8   283.5   308.2   344.0   402.7   502.6  1196.8  7708.2  30150.8    30215  1715519152745  1715519162872
read      226.3   180.1    80.4   125.2   136.3   201.7   238.0   262.7   281.9   307.4   343.0   398.6   499.6  1111.9  8107.6  30152.2    30220  1715519164383  1715519174498
read      228.3   156.9    80.4   125.9   139.1   207.1   244.6   269.6   289.2   313.0   343.6   390.9   471.4   684.1  7850.0  30235.9    30225  1715519176010  1715519186128
read      228.2   418.0    80.4   125.6   139.0   206.6   242.5   266.6   285.3   308.3   338.7   384.1   462.8   898.5  7820.1  30228.0    30230  1715519187636  1715519197751
read      223.7   160.1    74.4   124.9   137.8   201.3   236.6   262.1   281.6   305.7   337.2   383.4   463.9   731.6  8130.1  30241.2    30235  1715519199260  1715519209374
read      222.4   167.3    74.4   122.2   135.3   201.1   236.2   260.8   279.6   303.1   334.3   379.7   459.7   911.0  8098.8  30203.4    30240  1715519210882  1715519221017
read      228.4   165.2    80.4   122.8   136.7   206.4   244.5   269.8   289.3   313.4   345.0   393.2   471.3   846.4  8063.9  30246.4    30245  1715519222528  1715519232648
read      229.6   174.9    80.4   127.0   140.0   207.9   245.1   269.9   289.2   312.5   343.0   390.3   469.7   815.3  7910.7  30200.9    30250  1715519234157  1715519244271
read      231.4   171.8    74.4   128.4   140.4   207.2   243.8   268.0   287.3   312.1   345.5   397.2   497.7  1760.3  7655.3  30236.5    30255  1715519245778  1715519255895
read      215.5   186.9    80.4   122.4   132.2   189.0   222.0   243.2   260.8   285.0   319.9   373.8   478.0  2236.6  8212.1  30327.3    30260  1715519257404  1715519267519
read      230.3   227.4    80.4   127.6   138.4   204.3   241.0   264.3   282.1   306.0   342.1   399.9   501.8  1827.1 11934.9  30191.1    30265  1715519269028  1715519279145
read      218.0   159.2    80.4   123.3   133.5   194.2   228.8   251.0   269.3   293.1   328.9   385.6   478.3  1343.6  7875.9  30296.4    30270  1715519280654  1715519290776
read      220.1   205.7    80.4   123.1   133.5   196.4   231.2   253.4   271.5   294.5   329.1   385.2   472.0  1114.1  9117.7  30274.9    30275  1715519292285  1715519302401
read      229.0   176.4    80.4   128.6   141.1   206.1   241.0   264.7   283.2   306.8   338.1   386.5   476.3  1476.3  7743.5  30187.2    30280  1715519303908  1715519314029
read      216.9   175.6    80.4   122.9   133.0   193.4   227.8   249.2   266.7   289.9   324.5   382.4   479.4  1228.0  8129.9  30261.3    30285  1715519315539  1715519325661
read      222.7   206.9    80.4   124.3   134.9   197.5   232.8   255.5   273.8   297.8   334.3   389.3   494.2  1243.1 11013.2  30317.8    30290  1715519327171  1715519337281
read      216.2   173.7    80.4   124.6   134.9   192.8   225.3   246.9   265.4   289.8   323.7   374.4   462.9  1205.5  8665.6  30255.9    30295  1715519338788  1715519348937
read      231.3   203.5    80.4   126.8   137.4   204.0   241.8   265.8   284.5   309.2   344.8   401.3   516.9  2415.4  8658.3  30201.1    30300  1715519350446  1715519360568
read      224.4   248.7    80.4   124.0   134.3   197.3   232.9   254.9   272.5   296.0   331.9   390.2   490.5  2233.4 10099.8  30236.7    30305  1715519362078  1715519372201
read      216.8   151.4    80.4   123.1   133.4   194.3   228.6   250.4   268.4   291.5   324.8   380.1   466.1  1068.8  7271.0  30226.2    30310  1715519373710  1715519383842
read      220.5   222.4    80.4   120.7   130.9   194.0   229.6   252.0   270.4   294.7   331.8   390.0   495.4  1812.2 10782.8  30310.7    30315  1715519385353  1715519395471
read      225.4   246.8    80.4   123.4   134.1   197.5   233.8   258.7   278.5   305.3   342.2   397.3   503.6  1252.8 11311.1  30314.6    30320  1715519396978  1715519407085
read      232.8   320.9    80.4   125.0   135.9   201.2   237.1   262.1   282.3   309.4   346.3   401.7   530.5  3177.6 12376.5  30273.7    30325  1715519408596  1715519418713
read      224.8   178.1    86.8   124.5   135.5   200.8   236.9   260.5   278.3   302.3   337.3   393.9   489.8  1419.8  7825.7  30279.0    30330  1715519420222  1715519430337
read      217.4   189.2    80.4   123.2   133.4   194.2   228.3   249.7   267.3   290.4   324.2   380.8   467.1   954.5  8778.9  30279.9    30335  1715519431847  1715519441964
read      219.3   167.8    74.4   122.4   134.6   197.2   231.4   254.8   273.8   297.7   329.8   375.8   455.4   922.7  7825.8  30394.9    30340  1715519443472  1715519453596
read      221.1   181.9    80.4   121.7   134.3   198.1   232.6   256.4   275.5   299.9   332.6   379.2   462.5  1244.1  8705.1  30392.3    30345  1715519455105  1715519465221
read      229.3   175.7    80.4   123.1   136.5   205.0   243.2   269.1   289.4   314.1   345.6   395.0   494.2  1360.7  7517.8  30297.2    30350  1715519466731  1715519476843
read      227.3   254.7    74.4   124.0   134.6   198.8   234.3   258.0   276.6   302.4   339.8   397.8   513.0  2087.4 13138.1  30343.6    30355  1715519478351  1715519488469
read      228.1   205.7    80.4   125.8   136.4   201.8   238.7   262.1   279.9   303.9   340.5   400.7   511.0  1872.8 11107.0  30390.8    30360  1715519489979  1715519500093
read      231.4   242.6    80.4   126.3   137.1   200.5   235.9   260.0   278.9   305.1   343.0   402.7   533.9  3364.5  9630.3  30379.0    30365  1715519501602  1715519511717
read      222.1   158.9    80.4   124.1   134.5   197.9   233.6   257.0   275.5   300.7   337.4   394.9   499.8  1210.2  6512.7  30400.9    30370  1715519513227  1715519523343
read      224.9   172.6    80.4   124.7   135.6   201.2   237.2   260.9   279.1   304.0   340.1   397.2   501.5  1005.0  7873.2  30410.5    30375  1715519524853  1715519534967
read      219.6   165.1    80.4   123.0   133.2   195.8   231.1   253.5   271.6   295.7   331.8   389.0   484.0  1156.1  7913.3  30367.7    30380  1715519536476  1715519546596
read      227.7   169.9    80.4   125.4   136.4   202.5   241.3   265.7   284.6   309.2   344.8   402.8   503.5  1097.4  7983.6  30385.5    30385  1715519548104  1715519558222
read      223.9   173.2    80.4   123.8   134.5   197.5   234.3   259.1   278.7   305.1   342.4   400.8   502.8  1290.5  7624.2  30228.0    30390  1715519559730  1715519569841
read      217.3   154.2    80.4   121.5   131.8   193.2   228.4   251.2   269.9   294.5   331.2   387.9   485.6  1059.4  7339.6  30409.3    30395  1715519571348  1715519581470
read      231.1   189.8    80.4   125.0   136.3   204.8   244.3   269.9   289.8   315.3   352.4   411.9   517.0  1306.4  8120.8  30366.1    30400  1715519582982  1715519593096
read      238.3   180.3    80.4   129.0   140.9   211.5   252.8   279.6   300.7   327.8   365.3   421.6   530.6  1424.5  7738.5  30310.5    30405  1715519594605  1715519604722
read      221.4   161.6    74.4   121.4   133.2   197.7   235.7   262.6   282.7   307.0   337.7   382.0   466.1   775.8  7825.3  30369.0    30410  1715519606230  1715519616353
read      231.5   162.7    74.4   125.6   139.0   208.7   246.9   271.8   291.6   316.3   349.1   397.8   486.7  1255.3  7689.6  30422.7    30415  1715519617863  1715519627987
read      240.5   227.0    80.4   129.6   142.4   213.0   253.2   280.2   301.2   327.2   362.2   414.4   524.2  1686.6 12204.2  30413.1    30420  1715519629495  1715519639621
read      224.3   161.3    80.4   123.5   134.3   198.6   236.0   261.7   281.7   308.1   345.1   402.7   507.2  1069.3  5512.1  30530.8    30425  1715519641131  1715519651249
read      221.1   303.2    80.4   123.5   133.7   190.9   224.7   247.0   266.0   291.1   327.0   381.4   481.6  2165.8 13567.0  29983.7    30000  1715519985719  1715519995890
read      230.6   205.2    80.4   124.6   135.5   201.9   240.5   265.8   286.1   313.0   351.9   412.2   530.8  2000.8  7997.9  29982.3    30005  1715519997397  1715520007539
read      218.7   253.8    80.4   122.2   132.4   191.8   226.2   249.0   267.9   292.8   328.5   381.4   473.5  1611.1 13949.0  30000.9    30010  1715520009049  1715520019166
read      232.4   177.8    80.4   130.1   142.7   209.2   246.1   270.9   290.9   315.3   346.6   395.6   480.1  1263.9  7860.6  30006.4    30015  1715520020675  1715520030796
read      224.4   250.9    80.4   121.8   132.0   193.6   230.0   253.9   273.6   300.6   340.6   400.8   525.3  2142.1 10509.7  30061.0    30020  1715520032308  1715520042421
read      215.7   261.7    80.4   121.8   131.9   189.9   223.1   244.7   263.2   287.9   322.6   377.3   467.9  1011.9 15706.6  30014.5    30025  1715520043930  1715520054056
read      238.4   297.7    80.4   127.6   138.6   208.0   247.9   272.8   292.9   318.4   357.9   418.8   537.3  1816.5 12198.5  29997.8    30030  1715520055565  1715520065690
read      219.5   175.5    80.4   124.2   134.4   193.3   227.8   250.6   270.1   295.8   332.5   385.6   487.0  1847.6  7848.6  30046.8    30035  1715520067201  1715520077316
read      228.1   221.7    80.4   125.3   135.8   201.1   238.9   263.6   282.7   307.9   345.9   405.4   511.0  1235.7 10252.6  30008.4    30040  1715520078824  1715520088943
read      221.3   162.7    80.4   124.1   134.6   195.3   231.0   254.4   273.8   299.2   337.4   394.6   493.5  1532.6  7785.2  30044.7    30045  1715520090452  1715520100574
read      231.4   231.0    80.4   125.3   136.1   201.7   239.9   265.3   285.2   311.6   350.2   409.8   525.2  2369.8 10173.9  30083.8    30050  1715520102083  1715520112198
read      223.7   172.4    80.4   124.5   135.3   198.7   234.9   259.4   278.6   304.5   341.2   398.7   498.3   899.8  8100.1  29972.7    30055  1715520113707  1715520123825
read      231.6   273.8    86.8   125.2   136.1   202.9   241.9   266.7   286.1   311.5   347.9   405.8   507.4  1714.2 13939.0  30195.1    30060  1715520125337  1715520135448
read      223.2   153.9    86.8   124.3   135.3   199.4   235.7   260.5   279.8   305.5   341.0   396.5   487.1   837.3  7668.9  30040.2    30065  1715520136959  1715520147076
read      226.6   242.6    80.4   124.7   135.6   201.2   237.6   261.3   279.4   303.8   339.5   397.4   496.6  1120.0 11901.8  30099.8    30070  1715520148584  1715520158695
read      221.2   168.3    80.4   118.5   129.9   196.4   235.1   262.2   283.0   307.8   339.5   388.4   470.4  1195.6  7865.8  30067.1    30075  1715520160204  1715520170321
read      236.0   174.8    80.4   129.1   143.0   214.0   251.7   276.6   296.0   320.1   353.1   399.5   484.5  1073.3  7865.1  30000.0    30080  1715520171830  1715520181950
read      298.1   309.7    80.4   132.2   146.3   229.2   282.8   319.3   350.9   393.2   360.3   567.0   575.7  3114.4  9940.5  30057.2    30085  1715520183460  1715520193573
read      230.7   291.5    80.4   123.7   134.2   198.7   235.0   259.7   279.6   306.5   344.7   403.9   525.3  3020.6 14872.6  30069.5    30090  1715520195082  1715520205202
read      232.3   190.0    80.4   125.8   136.8   205.3   243.3   267.5   286.8   312.4   349.5   406.7   537.3  2183.7  8070.5  30050.0    30095  1715520206711  1715520216826
read      231.2   275.7    80.4   125.9   137.0   201.9   238.3   263.2   283.0   308.9   345.2   403.0   518.6  2194.1 15040.3  30155.0    30100  1715520218337  1715520228461
read      235.0   272.0    80.4   124.7   135.4   202.9   242.8   267.7   287.2   312.6   351.7   412.3   538.8  3637.7 10586.4  30089.9    30105  1715520229969  1715520240083
read      232.8   338.6    80.4   125.0   136.1   202.6   240.4   265.0   284.5   310.2   347.1   405.0   518.9  2048.2 20002.1  30153.2    30110  1715520241592  1715520251707
read      219.9   150.2    80.4   123.7   134.1   196.7   232.0   254.9   273.5   298.0   334.6   391.0   480.3  1051.7  6704.5  30232.6    30115  1715520253215  1715520263327
read      227.6   259.9    80.4   125.0   135.5   199.8   235.9   259.8   277.7   302.3   339.0   397.0   498.7  1936.7 11952.4  30128.4    30120  1715520264834  1715520274952
read      211.1   163.4    80.4   121.6   131.5   188.0   220.8   242.5   261.0   285.1   319.0   372.3   456.8   883.6  7585.7  30097.4    30125  1715520276462  1715520286574
read      223.3   168.7    74.4   123.2   133.8   198.6   235.3   259.4   277.7   302.5   339.1   397.5   498.9  1167.9  7965.6  30043.7    30130  1715520288082  1715520298198