read      331.0   208.2   148.8   209.2   224.9   311.6   357.0   382.4   400.0   421.8   448.5   489.1   582.6  1539.4 10043.8  30305.4    30310  1714989516060  1714989526167
read      315.6   219.2   160.7   206.1   220.1   292.9   334.3   359.5   377.5   399.1   426.8   466.5   550.6  1911.9 10628.6  30252.5    30315  1714989527676  1714989537787
read      325.1   188.4   148.8   207.5   221.9   305.7   350.2   375.1   393.6   414.9   441.8   483.3   576.9  1349.8  8026.5  30296.1    30320  1714989539295  1714989549406
read      313.5   205.1   160.7   209.3   221.8   289.5   330.2   356.1   374.6   397.4   426.2   467.3   557.1  1486.1 10951.3  30337.7    30325  1714989550914  1714989561023
read      320.0   224.8   148.8   208.0   222.0   297.6   340.0   365.5   383.9   404.5   433.0   471.9   563.1  1293.5 12111.8  30244.5    30330  1714989562531  1714989572641
read      326.0   231.6   148.8   206.0   221.3   305.6   350.0   375.0   393.6   414.9   441.1   480.5   573.1  1851.3 12226.2  30371.1    30335  1714989574148  1714989584255
read      320.8   211.2   160.7   209.4   222.8   295.4   338.5   365.8   385.9   408.9   438.9   482.9   575.1  1949.9 10527.8  30309.9    30340  1714989585763  1714989595878
read      325.9   196.7   148.8   208.2   223.2   304.8   349.4   374.8   393.6   415.1   442.3   483.9   586.6  1696.0  8765.8  30338.0    30345  1714989597388  1714989607507
read      333.2   245.1   148.8   212.0   225.9   308.2   354.4   380.9   399.7   422.8   451.4   494.2   599.6  2871.8 11402.6  30282.1    30350  1714989609017  1714989619132
read      323.8   208.7   160.7   212.1   225.2   301.0   344.1   370.0   389.0   410.6   437.6   479.6   577.1  1505.2 10006.5  30298.4    30355  1714989620640  1714989630749
read      319.1   207.7   160.7   212.7   225.3   294.8   335.4   360.7   379.2   401.1   430.2   470.7   567.0  2036.3  8763.8  30407.0    30360  1714989632256  1714989642370
read      324.0   236.0   160.7   211.5   224.8   301.7   344.1   369.5   388.2   409.1   435.7   475.7   571.7  1659.1 12007.9  30438.9    30365  1714989643880  1714989653991
read      335.6   204.7   148.8   207.8   224.1   317.0   363.8   389.8   407.7   430.0   457.4   497.1   589.0  1606.5 10448.0  30385.0    30370  1714989655501  1714989665611


read      314.4   197.3   148.8   205.1   218.9   291.4   333.2   359.6   378.9   401.4   430.9   471.1   553.3  1466.4  9233.8  30215.8    30275  1714989434713  1714989444831
read      323.0   214.9   148.8   204.9   220.6   302.9   346.1   371.5   390.0   410.6   436.5   475.4   565.9  1707.5 10562.5  30358.0    30280  1714989446340  1714989456457
read      332.8   217.3   160.7   211.4   225.6   311.1   357.2   383.1   401.1   423.9   452.3   494.4   588.2  2298.9  9111.8  30342.0    30285  1714989457965  1714989468075
read      331.3   203.6   148.8   208.3   223.4   312.2   358.9   384.5   402.0   424.4   451.8   493.0   588.9  1386.1  8776.3  30301.6    30290  1714989469583  1714989479691
read      313.4   192.1   148.8   208.0   220.9   288.6   330.5   357.1   376.4   399.5   428.9   470.0   559.9  1701.3  8383.2  30251.0    30295  1714989481200  1714989491310
read      334.1   221.7   148.8   210.3   226.1   313.4   359.5   385.9   403.9   426.9   455.0   495.4   585.4  1788.9 10925.3  30262.6    30300  1714989492819  1714989502931
read      325.1   192.5   148.8   207.1   223.9   306.5   347.3   372.1   390.7   412.0   439.3   481.4   572.6  1159.1  8626.8  30267.5    30305  1714989504440  1714989514553
